single_premium=100000.0
type=dynamic_hybrid
benefit_at_maturity=388778.7158836914
irr=0.07024972286649689



t	traditional_part	fund_part	total
0	14092.37821341354	78407.62178658646	92500.0
1	2695.8747740346116	92669.48223118467	95365.35700521928
2	0.0	97897.73066501139	97897.73066501139
3	0.0	100632.02751815549	100632.02751815549
4	0.0	104285.16724453951	104285.16724453951
5	0.0	106510.97664561534	106510.97664561534
6	0.0	109890.20102568486	109890.20102568486
7	0.0	109848.0937043388	109848.0937043388
8	0.0	114243.70188548132	114243.70188548132
9	0.0	113673.77668140207	113673.77668140207
10	0.0	118342.82993581194	118342.82993581194
11	0.0	120392.34933684049	120392.34933684049
12	0.0	124318.36648455366	124318.36648455366
13	0.0	125175.42325717407	125175.42325717407
14	0.0	126169.2845143638	126169.2845143638
15	0.0	127866.77714337345	127866.77714337345
16	0.0	130776.05195277165	130776.05195277165
17	0.0	131066.22053042294	131066.22053042294
18	0.0	125082.55951929085	125082.55951929085
19	0.0	127424.85011146824	127424.85011146824
20	0.0	134320.76477472833	134320.76477472833
21	0.0	137835.54258277858	137835.54258277858
22	0.0	147936.17556118363	147936.17556118363
23	0.0	144747.75243348684	144747.75243348684
24	0.0	153636.36483055993	153636.36483055993
25	0.0	154532.2728941923	154532.2728941923
26	0.0	147943.86140514107	147943.86140514107
27	0.0	156577.914721944	156577.914721944
28	0.0	165758.93574568507	165758.93574568507
29	0.0	172946.69668162812	172946.69668162812
30	0.0	186465.22514383288	186465.22514383288
31	0.0	175754.5845814488	175754.5845814488
32	0.0	185091.28723570434	185091.28723570434
33	0.0	178699.08407819978	178699.08407819978
34	0.0	186667.78295592582	186667.78295592582
35	0.0	189595.50268311464	189595.50268311464
36	0.0	191526.74462117293	191526.74462117293
37	0.0	205004.65664974417	205004.65664974417
38	0.0	215258.72021874925	215258.72021874925
39	0.0	217209.41323439236	217209.41323439236
40	0.0	213103.69166489143	213103.69166489143
41	0.0	221501.36157166038	221501.36157166038
42	0.0	218939.11282216225	218939.11282216225
43	0.0	187014.4037902774	187014.4037902774
44	0.0	198674.15620554317	198674.15620554317
45	0.0	214631.50145105747	214631.50145105747
46	0.0	227306.73606297685	227306.73606297685
47	0.0	240118.5464241868	240118.5464241868
48	0.0	249960.9464188179	249960.9464188179
49	0.0	241890.27175210835	241890.27175210835
50	0.0	251283.14750776274	251283.14750776274
51	0.0	260812.64747411702	260812.64747411702
52	0.0	254285.41717580825	254285.41717580825
53	0.0	268131.56942120125	268131.56942120125
54	0.0	259533.97539055586	259533.97539055586
55	0.0	257909.73529093654	257909.73529093654
56	0.0	250542.90099394825	250542.90099394825
57	0.0	266204.9288839576	266204.9288839576
58	0.0	271280.3043949099	271280.3043949099
59	0.0	286961.51347221574	286961.51347221574
60	0.0	272368.23574330966	272368.23574330966
61	0.0	266876.8471522771	266876.8471522771
62	0.0	292694.3308384062	292694.3308384062
63	0.0	283667.91606309847	283667.91606309847
64	0.0	277454.0577940104	277454.0577940104
65	0.0	284091.5106826629	284091.5106826629
66	0.0	279440.23037249607	279440.23037249607
67	0.0	296409.09606373863	296409.09606373863
68	0.0	280547.6062432362	280547.6062432362
69	0.0	279157.9729427849	279157.9729427849
70	0.0	256812.9533046634	256812.9533046634
71	0.0	257845.00945548635	257845.00945548635
72	0.0	266766.88032548805	266766.88032548805
73	0.0	242137.73547072272	242137.73547072272
74	0.0	226589.793938168	226589.793938168
75	0.0	244006.25535331125	244006.25535331125
76	0.0	245233.5316420997	245233.5316420997
77	0.0	239098.7094323149	239098.7094323149
78	0.0	236518.0288187461	236518.0288187461
79	0.0	221361.62067910144	221361.62067910144
80	0.0	203256.79419809958	203256.79419809958
81	0.0	206944.39439701824	206944.39439701824
82	0.0	222504.19897338786	222504.19897338786
83	0.0	224180.46858994453	224180.46858994453
84	0.0	220682.26888568065	220682.26888568065
85	0.0	216090.66362003054	216090.66362003054
86	0.0	224034.60668260214	224034.60668260214
87	0.0	210266.18202429215	210266.18202429215
88	0.0	208349.7113671563	208349.7113671563
89	0.0	193253.9921380145	193253.9921380145
90	0.0	177982.78689190812	177982.78689190812
91	0.0	178858.36945072515	178858.36945072515
92	0.0	159175.27947179275	159175.27947179275
93	0.0	172936.35554790538	172936.35554790538
94	0.0	182792.55561593175	182792.55561593175
95	0.0	171759.1312407423	171759.1312407423
96	0.0	167051.1965528583	167051.1965528583
97	0.0	164197.9526176995	164197.9526176995
98	0.0	165580.99382966672	165580.99382966672
99	0.0	178989.22697397895	178989.22697397895
100	0.0	188102.58658812958	188102.58658812958
101	0.0	190227.34824695336	190227.34824695336
102	0.0	193308.58111598718	193308.58111598718
103	0.0	196760.6498982561	196760.6498982561
104	0.0	194415.25379144272	194415.25379144272
105	0.0	205089.46972356297	205089.46972356297
106	0.0	206550.4110584085	206550.4110584085
107	0.0	217029.1246284457	217029.1246284457
108	0.0	220773.719726148	220773.719726148
109	0.0	223464.26496491593	223464.26496491593
110	0.0	219811.3477932981	219811.3477932981
111	0.0	216119.44459449823	216119.44459449823
112	0.0	218731.8083834048	218731.8083834048
113	0.0	222651.80387021787	222651.80387021787
114	0.0	215017.58535111079	215017.58535111079
115	0.0	215502.50015733193	215502.50015733193
116	0.0	217529.22115846447	217529.22115846447
117	0.0	220570.76405050853	220570.76405050853
118	0.0	229076.76861517134	229076.76861517134
119	0.0	236509.2909733527	236509.2909733527
120	0.0	230534.5166891083	230534.5166891083
121	0.0	234883.4264733738	234883.4264733738
122	0.0	230391.9520526032	230391.9520526032
123	0.0	225744.41776790505	225744.41776790505
124	0.0	232512.96227793623	232512.96227793623
125	0.0	232470.9261833308	232470.9261833308
126	0.0	240839.4479049835	240839.4479049835
127	0.0	238124.0209050248	238124.0209050248
128	0.0	239779.66637382944	239779.66637382944
129	0.0	235522.75548854365	235522.75548854365
130	0.0	243812.80295333994	243812.80295333994
131	0.0	243575.6416395791	243575.6416395791
132	0.0	249777.6374857609	249777.6374857609
133	0.0	249891.70411275048	249891.70411275048
134	0.0	252639.90541910773	252639.90541910773
135	0.0	255719.77613064024	255719.77613064024
136	0.0	247814.54766337434	247814.54766337434
137	0.0	247831.05169516074	247831.05169516074
138	0.0	249096.2711285153	249096.2711285153
139	0.0	254380.73063844256	254380.73063844256
140	0.0	260621.15282412161	260621.15282412161
141	0.0	268832.0625487974	268832.0625487974
142	0.0	273257.88729547855	273257.88729547855
143	0.0	276708.16032515053	276708.16032515053
144	0.0	280587.6124723005	280587.6124723005
145	0.0	274458.5786602881	274458.5786602881
146	0.0	277206.4001573705	277206.4001573705
147	0.0	289201.5585373054	289201.5585373054
148	0.0	298601.8938312888	298601.8938312888
149	0.0	293272.9803540338	293272.9803540338
150	0.0	283905.8385444004	283905.8385444004
151	0.0	287550.9030660578	287550.9030660578
152	0.0	297848.22666068387	297848.22666068387
153	0.0	302254.0285803996	302254.0285803996
154	0.0	288927.1860404011	288927.1860404011
155	0.0	286446.7123880337	286446.7123880337
156	0.0	268906.5492720206	268906.5492720206
157	0.0	259559.60022507035	259559.60022507035
158	0.0	258015.54309503315	258015.54309503315
159	0.0	270282.2700463731	270282.2700463731
160	0.0	273166.2267666342	273166.2267666342
161	0.0	249677.63392108865	249677.63392108865
162	0.0	247216.86231336862	247216.86231336862
163	0.0	250217.75239816832	250217.75239816832
164	0.0	227510.2343627596	227510.2343627596
165	0.0	188964.6838065098	188964.6838065098
166	0.0	174801.02808300976	174801.02808300976
167	0.0	176163.349037907	176163.349037907
168	0.0	161083.47399098822	161083.47399098822
169	0.0	143370.84137459862	143370.84137459862
170	0.0	155616.0843818674	155616.0843818674
171	0.0	170220.97855389514	170220.97855389514
172	0.0	179247.7962609431	179247.7962609431
173	0.0	179283.79389959137	179283.79389959137
174	0.0	192581.29198403956	192581.29198403956
175	0.0	199033.41440768645	199033.41440768645
176	0.0	206148.49414059502	206148.49414059502
177	0.0	202069.71002144043	202069.71002144043
178	0.0	213650.3166205263	213650.3166205263
179	0.0	217449.957331627	217449.957331627
180	0.0	209412.7482947514	209412.7482947514
181	0.0	215376.80491553302	215376.80491553302
182	0.0	228029.25673037456	228029.25673037456
183	0.0	231399.69386103057	231399.69386103057
184	0.0	212423.74448259184	212423.74448259184
185	0.0	200974.73586249008	200974.73586249008
186	0.0	214796.41919108637	214796.41919108637
187	0.0	204595.6515057862	204595.6515057862
188	0.0	222511.58096709565	222511.58096709565
189	0.0	230717.2465216508	230717.2465216508
190	0.0	230168.3012082182	230168.3012082182
191	0.0	245197.8868516239	245197.8868516239
192	0.0	250751.60643699384	250751.60643699384
193	0.0	258761.88818522004	258761.88818522004
194	0.0	258485.92529113477	258485.92529113477
195	0.0	265852.63285506243	265852.63285506243
196	0.0	262262.2916452652	262262.2916452652
197	0.0	257463.22972713975	257463.22972713975
198	0.0	251942.87465501856	251942.87465501856
199	0.0	237630.02669509713	237630.02669509713
200	0.0	220568.5014076426	220568.5014076426
201	0.0	244330.12223996638	244330.12223996638
202	0.0	243098.9335301199	243098.9335301199
203	0.0	245162.36454898896	245162.36454898896
204	0.0	255842.3228757932	255842.3228757932
205	0.0	266229.74200417113	266229.74200417113
206	0.0	274570.17238516867	274570.17238516867
207	0.0	272500.8220809439	272500.8220809439
208	0.0	255421.43430858123	255421.43430858123
209	0.0	265535.4783566591	265535.4783566591
210	0.0	268865.7970320727	268865.7970320727
211	0.0	274184.3557131586	274184.3557131586
212	0.0	280828.3598931718	280828.3598931718
213	0.0	275269.9918375378	275269.9918375378
214	0.0	276046.67567980866	276046.67567980866
215	0.0	277992.8752649758	277992.8752649758
216	0.0	292004.51366800506	292004.51366800506
217	0.0	295237.12126780587	295237.12126780587
218	0.0	305856.95865341375	305856.95865341375
219	0.0	311389.4709999556	311389.4709999556
220	0.0	317838.0106444376	317838.0106444376
221	0.0	313079.22519399464	313079.22519399464
222	0.0	328551.83910967933	328551.83910967933
223	0.0	318277.3231214764	318277.3231214764
224	0.0	327727.1328044582	327727.1328044582
225	0.0	342341.74952512153	342341.74952512153
226	0.0	351947.309289407	351947.309289407
227	0.0	360246.96838638047	360246.96838638047
228	0.0	347419.76151927904	347419.76151927904
229	0.0	362404.17685629387	362404.17685629387
230	0.0	364895.8043395714	364895.8043395714
231	0.0	367173.0304571843	367173.0304571843
232	0.0	374887.6726402418	374887.6726402418
233	0.0	382017.58738341567	382017.58738341567
234	0.0	376265.41203354346	376265.41203354346
235	0.0	390430.5797670539	390430.5797670539
236	0.0	384366.68031586695	384366.68031586695
237	0.0	393269.80136422213	393269.80136422213
238	0.0	402932.8902197555	402932.8902197555
239	0.0	401234.43107293604	401234.43107293604
240	0.0	388778.7158836914	388778.7158836914
