single_premium=100000.0
type=dynamic_hybrid
benefit_at_maturity=515222.79031080793
irr=0.08542483264769474



t	traditional_part	fund_part	total
0	14092.37821341354	78407.62178658646	92500.0
1	11769.873641857368	81326.98364640622	93096.85728826359
2	9386.13113286332	84322.89630564352	93709.02743850683
3	6939.547900892855	87397.36324692436	94336.91114781721
4	4428.479213025946	90552.44038710181	94980.91960012776
5	1851.2372911336995	93790.23744954015	95641.47474067385
6	0.0	96319.00955763308	96319.00955763308
7	0.0	97010.20440219568	97010.20440219568
8	0.0	97706.38091147749	97706.38091147749
9	0.0	98407.57498994679	98407.57498994679
10	0.0	99113.82280084699	99113.82280084699
11	0.0	99825.16076806166	99825.16076806166
12	0.0	100541.62557799308	100541.62557799308
13	0.0	101263.25418145432	101263.25418145432
14	0.0	101990.08379557487	101990.08379557487
15	0.0	102722.15190572014	102722.15190572014
16	0.0	103459.49626742465	103459.49626742465
17	0.0	104202.1549083393	104202.1549083393
18	0.0	104950.16613019255	104950.16613019255
19	0.0	105703.56851076579	105703.56851076579
20	0.0	106462.40090588297	106462.40090588297
21	0.0	107226.70245141452	107226.70245141452
22	0.0	107996.51256529574	107996.51256529574
23	0.0	108771.87094955973	108771.87094955973
24	0.0	109552.81759238498	109552.81759238498
25	0.0	110339.39277015772	110339.39277015772
26	0.0	111131.63704954913	111131.63704954913
27	0.0	111929.59128960746	111929.59128960746
28	0.0	112733.29664386538	112733.29664386538
29	0.0	113542.79456246235	113542.79456246235
30	0.0	114358.12679428239	114358.12679428239
31	0.0	115179.33538910722	115179.33538910722
32	0.0	116006.46269978494	116006.46269978494
33	0.0	116839.55138441433	116839.55138441433
34	0.0	117678.64440854485	117678.64440854485
35	0.0	118523.7850473926	118523.7850473926
36	0.0	119375.01688807212	119375.01688807212
37	0.0	120232.38383184442	120232.38383184442
38	0.0	121095.93009638105	121095.93009638105
39	0.0	121965.70021804464	121965.70021804464
40	0.0	122841.73905418577	122841.73905418577
41	0.0	123724.09178545648	123724.09178545648
42	0.0	124612.80391814031	124612.80391814031
43	0.0	125507.92128649938	125507.92128649938
44	0.0	126409.4900551381	126409.4900551381
45	0.0	127317.55672138413	127317.55672138413
46	0.0	128232.1681176864	128232.1681176864
47	0.0	129153.37141403044	129153.37141403044
48	0.0	130081.21412037112	130081.21412037112
49	0.0	131015.74408908293	131015.74408908293
50	0.0	131957.00951742788	131957.00951742788
51	0.0	132905.05895004122	132905.05895004122
52	0.0	133859.94128143508	133859.94128143508
53	0.0	134821.70575852014	134821.70575852014
54	0.0	135790.40198314554	135790.40198314554
55	0.0	136766.07991465693	136766.07991465693
56	0.0	137748.78987247316	137748.78987247316
57	0.0	138738.58253868134	138738.58253868134
58	0.0	139735.50896065083	139735.50896065083
59	0.0	140739.62055366585	140739.62055366585
60	0.0	141750.96910357723	141750.96910357723
61	0.0	142769.60676947312	142769.60676947312
62	0.0	143795.5860863691	143795.5860863691
63	0.0	144828.95996791762	144828.95996791762
64	0.0	145869.7817091369	145869.7817091369
65	0.0	146918.10498915965	146918.10498915965
66	0.0	147973.98387400134	147973.98387400134
67	0.0	149037.47281934877	149037.47281934877
68	0.0	150108.62667336845	150108.62667336845
69	0.0	151187.50067953538	151187.50067953538
70	0.0	152274.15047948214	152274.15047948214
71	0.0	153368.6321158685	153368.6321158685
72	0.0	154471.0020352719	154471.0020352719
73	0.0	155581.3170910984	155581.3170910984
74	0.0	156699.63454651504	156699.63454651504
75	0.0	157826.01207740293	157826.01207740293
76	0.0	158960.50777533196	158960.50777533196
77	0.0	160103.18015055673	160103.18015055673
78	0.0	161254.08813503417	161254.08813503417
79	0.0	162413.29108546284	162413.29108546284
80	0.0	163580.8487863443	163580.8487863443
81	0.0	164756.82145306622	164756.82145306622
82	0.0	165941.2697350082	165941.2697350082
83	0.0	167134.25471866934	167134.25471866934
84	0.0	168335.83793081902	168335.83793081902
85	0.0	169546.08134166992	169546.08134166992
86	0.0	170765.04736807404	170765.04736807404
87	0.0	171992.79887674184	171992.79887674184
88	0.0	173229.3991874845	173229.3991874845
89	0.0	174474.9120764795	174474.9120764795
90	0.0	175729.4017795599	175729.4017795599
91	0.0	176992.93299552717	176992.93299552717
92	0.0	178265.57088948795	178265.57088948795
93	0.0	179547.38109621487	179547.38109621487
94	0.0	180838.4297235316	180838.4297235316
95	0.0	182138.78335572223	182138.78335572223
96	0.0	183448.50905696538	183448.50905696538
97	0.0	184767.67437479287	184767.67437479287
98	0.0	186096.34734357338	186096.34734357338
99	0.0	187434.59648802129	187434.59648802129
100	0.0	188782.49082673076	188782.49082673076
101	0.0	190140.09987573532	190140.09987573532
102	0.0	191507.49365209296	191507.49365209296
103	0.0	192884.7426774973	192884.7426774973
104	0.0	194271.91798191454	194271.91798191454
105	0.0	195669.09110724687	195669.09110724687
106	0.0	197076.3341110221	197076.3341110221
107	0.0	198493.7195701099	198493.7195701099
108	0.0	199921.32058446496	199921.32058446496
109	0.0	201359.21078089692	201359.21078089692
110	0.0	202807.46431686764	202807.46431686764
111	0.0	204266.15588431587	204266.15588431587
112	0.0	205735.3607135092	205735.3607135092
113	0.0	207215.15457692416	207215.15457692416
114	0.0	208705.61379315399	208705.61379315399
115	0.0	210206.8152308447	210206.8152308447
116	0.0	211718.8363126595	211718.8363126595
117	0.0	213241.75501927175	213241.75501927175
118	0.0	214775.64989338676	214775.64989338676
119	0.0	216320.60004379248	216320.60004379248
120	0.0	217876.6851494395	217876.6851494395
121	0.0	219443.9854635503	219443.9854635503
122	0.0	221022.58181775842	221022.58181775842
123	0.0	222612.55562627697	222612.55562627697
124	0.0	224213.9888900977	224213.9888900977
125	0.0	225826.96420122002	225826.96420122002
126	0.0	227451.56474691053	227451.56474691053
127	0.0	229087.8743139934	229087.8743139934
128	0.0	230735.97729317154	230735.97729317154
129	0.0	232395.9586833789	232395.9586833789
130	0.0	234067.90409616427	234067.90409616427
131	0.0	235751.89976010652	235751.89976010652
132	0.0	237448.03252526175	237448.03252526175
133	0.0	239156.38986764255	239156.38986764255
134	0.0	240877.05989372937	240877.05989372937
135	0.0	242610.1313450146	242610.1313450146
136	0.0	244355.6936025792	244355.6936025792
137	0.0	246113.83669170254	246113.83669170254
138	0.0	247884.65128650522	247884.65128650522
139	0.0	249668.22871462555	249668.22871462555
140	0.0	251464.66096192974	251464.66096192974
141	0.0	253274.04067725578	253274.04067725578
142	0.0	255096.4611771918	255096.4611771918
143	0.0	256932.01645088886	256932.01645088886
144	0.0	258780.80116490807	258780.80116490807
145	0.0	260642.91066810314	260642.91066810314
146	0.0	262518.4409965378	262518.4409965378
147	0.0	264407.4888784387	264407.4888784387
148	0.0	266310.15173918416	266310.15173918416
149	0.0	268226.5277063286	268226.5277063286
150	0.0	270156.7156146635	270156.7156146635
151	0.0	272100.81501131464	272100.81501131464
152	0.0	274058.9261608762	274058.9261608762
153	0.0	276031.15005058155	276031.15005058155
154	0.0	278017.58839551185	278017.58839551185
155	0.0	280018.3436438416	280018.3436438416
156	0.0	282033.51898212254	282033.51898212254
157	0.0	284063.21834060515	284063.21834060515
158	0.0	286107.54639859893	286107.54639859893
159	0.0	288166.6085898709	288166.6085898709
160	0.0	290240.5111080834	290240.5111080834
161	0.0	292329.36091227084	292329.36091227084
162	0.0	294433.2657323559	294433.2657323559
163	0.0	296552.33407470566	296552.33407470566
164	0.0	298686.67522772774	298686.67522772774
165	0.0	300836.3992675066	300836.3992675066
166	0.0	303001.6170634806	303001.6170634806
167	0.0	305182.44028416	305182.44028416
168	0.0	307378.9814028862	307378.9814028862
169	0.0	309591.3537036323	309591.3537036323
170	0.0	311819.6712868455	311819.6712868455
171	0.0	314064.049075332	314064.049075332
172	0.0	316324.6028201836	316324.6028201836
173	0.0	318601.4491067479	318601.4491067479
174	0.0	320894.70536064066	320894.70536064066
175	0.0	323204.4898538019	323204.4898538019
176	0.0	325530.92171059595	325530.92171059595
177	0.0	327874.1209139549	327874.1209139549
178	0.0	330234.20831156656	330234.20831156656
179	0.0	332611.3056221072	332611.3056221072
180	0.0	335005.53544151876	335005.53544151876
181	0.0	337417.021249332	337417.021249332
182	0.0	339845.8874150344	339845.8874150344
183	0.0	342292.25920448464	342292.25920448464
184	0.0	344756.2627863729	344756.2627863729
185	0.0	347238.025238728	347238.025238728
186	0.0	349737.67455547105	349737.67455547105
187	0.0	352255.3396530168	352255.3396530168
188	0.0	354791.1503769224	354791.1503769224
189	0.0	357345.23750858364	357345.23750858364
190	0.0	359917.73277198034	359917.73277198034
191	0.0	362508.7688404696	362508.7688404696
192	0.0	365118.4793436282	365118.4793436282
193	0.0	367746.9988741446	367746.9988741446
194	0.0	370394.46299476025	370394.46299476025
195	0.0	373061.00824526104	373061.00824526104
196	0.0	375746.7721495193	375746.7721495193
197	0.0	378451.8932225863	378451.8932225863
198	0.0	381176.5109778362	381176.5109778362
199	0.0	383920.7659341611	383920.7659341611
200	0.0	386684.79962321813	386684.79962321813
201	0.0	389468.7545967289	389468.7545967289
202	0.0	392272.77443383134	392272.77443383134
203	0.0	395097.0037484846	395097.0037484846
204	0.0	397941.5881969275	397941.5881969275
205	0.0	400806.67448519036	400806.67448519036
206	0.0	403692.4103766614	403692.4103766614
207	0.0	406598.9446997072	406598.9446997072
208	0.0	409526.42735534866	409526.42735534866
209	0.0	412475.0093249917	412475.0093249917
210	0.0	415444.84267821413	415444.84267821413
211	0.0	418436.0805806083	418436.0805806083
212	0.0	421448.87730168045	421448.87730168045
213	0.0	424483.3882228072	424483.3882228072
214	0.0	427539.76984524884	427539.76984524884
215	0.0	430618.1797982209	430618.1797982209
216	0.0	433718.7768470237	433718.7768470237
217	0.0	436841.72090123023	436841.72090123023
218	0.0	439987.17302293365	439987.17302293365
219	0.0	443155.2954350536	443155.2954350536
220	0.0	446346.2515297028	446346.2515297028
221	0.0	449560.20587661373	449560.20587661373
222	0.0	452797.3242316262	452797.3242316262
223	0.0	456057.7735452358	456057.7735452358
224	0.0	459341.72197120445	459341.72197120445
225	0.0	462649.3388752326	462649.3388752326
226	0.0	465980.794843694	465980.794843694
227	0.0	469336.2616924336	469336.2616924336
228	0.0	472715.9124756286	472715.9124756286
229	0.0	476119.92149471375	476119.92149471375
230	0.0	479548.4643073705	479548.4643073705
231	0.0	483001.7177365812	483001.7177365812
232	0.0	486479.85987974884	486479.85987974884
233	0.0	489983.07011788175	489983.07011788175
234	0.0	493511.5291248453	493511.5291248453
235	0.0	497065.4188766798	497065.4188766798
236	0.0	500644.9226609856	500644.9226609856
237	0.0	504250.2250863763	504250.2250863763
238	0.0	507881.51209199923	507881.51209199923
239	0.0	511538.97095712536	511538.97095712536
240	0.0	515222.79031080793	515222.79031080793
