alpha=0.025
beta=0.05
gamma=0.001
regular_charges=3.0
premium=100.0
guaranteed_benefit=0.8
guaranteed_interest=0.0025
real_interest=0.03
fund=sp500
age=37.0
life_table=2008T_M
maturity=360.0
worst_case=0.2
start_date=01/01/1985
contract_type=pure_fund_regular_premium
type=pure_fund_regular_premium
benefit_at_maturity=101213.67599284508
irr=1.0618191873017544



t	traditional_part	fund_part	total
0	0	0	0
1	0	76.16494099185842	76.16494099185842
2	0	151.23889207355913	151.23889207355913
3	0	225.60208699219393	225.60208699219393
4	0	317.50573688814103	317.50573688814103
5	0	397.5583665141677	397.5583665141677
6	0	470.83118140133627	470.83118140133627
7	0	539.741548349657	539.741548349657
8	0	594.0304333382702	594.0304333382702
9	0	697.8334814701806	697.8334814701806
10	0	823.8490367171069	823.8490367171069
11	0	939.8165783638863	939.8165783638863
12	0	1017.7118674896658	1017.7118674896658
13	0	1171.0254912322303	1171.0254912322303
14	0	1312.3279538330335	1312.3279538330335
15	0	1367.963079325733	1367.963079325733
16	0	1515.6690128698574	1515.6690128698574
17	0	1613.5732912345793	1613.5732912345793
18	0	1589.9661914471753	1589.9661914471753
19	0	1783.8533538717456	1783.8533538717456
20	0	1700.4450798246319	1700.4450798246319
21	0	1873.3383877138835	1873.3383877138835
22	0	1990.2574077022011	1990.2574077022011
23	0	2007.6231895147998	2007.6231895147998
24	0	2357.3651164613643	2357.3651164613643
25	0	2522.2672978898036	2522.2672978898036
26	0	2666.083327202024	2666.083327202024
27	0	2710.340020431851	2710.340020431851
28	0	2802.030319368469	2802.030319368469
29	0	3015.166484121212	3015.166484121212
30	0	3239.8804399412575	3239.8804399412575
31	0	3430.6223115641574	3430.6223115641574
32	0	3420.860274094391	3420.860274094391
33	0	2735.6381658857495	2735.6381658857495
34	0	2570.898727960722	2570.898727960722
35	0	2839.2003460916903	2839.2003460916903
36	0	3032.4196401214704	3032.4196401214704
37	0	3236.875800427361	3236.875800427361
38	0	3201.9366552753977	3201.9366552753977
39	0	3307.445446375972	3307.445446375972
40	0	3394.2291804505567	3394.2291804505567
41	0	3618.8831732214544	3618.8831732214544
42	0	3673.7643047214383	3673.7643047214383
43	0	3604.1877235892457	3604.1877235892457
44	0	3825.657139323719	3825.657139323719
45	0	4002.6630638105594	4002.6630638105594
46	0	4000.349696563914	4000.349696563914
47	0	4135.061677235774	4135.061677235774
48	0	4510.403679989327	4510.403679989327
49	0	4452.850799552621	4452.850799552621
50	0	4621.8849381509535	4621.8849381509535
51	0	4931.016786838178	4931.016786838178
52	0	5182.2783759532995	5182.2783759532995
53	0	5216.294738544363	5216.294738544363
54	0	5758.8873871962405	5758.8873871962405
55	0	5923.271720036698	5923.271720036698
56	0	5959.063746098785	5959.063746098785
57	0	5883.7400150908725	5883.7400150908725
58	0	6056.820556411822	6056.820556411822
59	0	6263.0222842282365	6263.0222842282365
60	0	5902.276707129839	5902.276707129839
61	0	6043.134442066502	6043.134442066502
62	0	6280.846030327684	6280.846030327684
63	0	6200.180663016594	6200.180663016594
64	0	6868.120063394472	6868.120063394472
65	0	6896.40253944016	6896.40253944016
66	0	6949.252014304793	6949.252014304793
67	0	6376.9735535537775	6376.9735535537775
68	0	6136.113592760729	6136.113592760729
69	0	6183.288407226407	6183.288407226407
70	0	6648.74450598264	6648.74450598264
71	0	6905.975613018423	6905.975613018423
72	0	7286.163970757874	7286.163970757874
73	0	7873.516833397557	7873.516833397557
74	0	8139.028942832801	8139.028942832801
75	0	8233.236546388669	8233.236546388669
76	0	8642.329429441264	8642.329429441264
77	0	8315.513815592416	8315.513815592416
78	0	8781.232969774846	8781.232969774846
79	0	9044.952161977	9044.952161977
80	0	8961.565448341093	8961.565448341093
81	0	9158.782337864006	9158.782337864006
82	0	8841.025746745101	8841.025746745101
83	0	9928.242506717503	9928.242506717503
84	0	9818.832905539102	9818.832905539102
85	0	10003.131996296053	10003.131996296053
86	0	9872.816061238826	9872.816061238826
87	0	10238.986670814176	10238.986670814176
88	0	10341.241739676094	10341.241739676094
89	0	10247.749286054586	10247.749286054586
90	0	10745.385993423748	10745.385993423748
91	0	10574.70320809271	10574.70320809271
92	0	10762.42829999962	10762.42829999962
93	0	10875.66056883192	10875.66056883192
94	0	11298.131802775104	11298.131802775104
95	0	11501.54579950843	11501.54579950843
96	0	11673.94048667053	11673.94048667053
97	0	11887.051788863992	11887.051788863992
98	0	12201.061364035313	12201.061364035313
99	0	11977.992837607177	11977.992837607177
100	0	12341.96188342024	12341.96188342024
101	0	12440.112524762115	12440.112524762115
102	0	12463.237666402554	12463.237666402554
103	0	12987.336417162607	12987.336417162607
104	0	12944.698116055604	12944.698116055604
105	0	13287.42938142641	13287.42938142641
106	0	13205.824772048523	13205.824772048523
107	0	13428.229032808837	13428.229032808837
108	0	13958.778363469652	13958.778363469652
109	0	13625.749373237337	13625.749373237337
110	0	13090.211975750522	13090.211975750522
111	0	13330.822006556078	13330.822006556078
112	0	13587.364008129849	13587.364008129849
113	0	13311.736138488754	13311.736138488754
114	0	13823.883402654534	13823.883402654534
115	0	14435.999859506226	14435.999859506226
116	0	14134.989662520551	14134.989662520551
117	0	14523.174725754994	14523.174725754994
118	0	14034.737899355488	14034.737899355488
119	0	14299.038756220654	14299.038756220654
120	0	14736.778678976485	14736.778678976485
121	0	15362.584372571648	15362.584372571648
122	0	15874.32950945155	15874.32950945155
123	0	16410.873235051935	16410.873235051935
124	0	17100.641060443333	17100.641060443333
125	0	17558.418412290102	17558.418412290102
126	0	18209.29509393633	18209.29509393633
127	0	18293.258063947043	18293.258063947043
128	0	19119.85947237564	19119.85947237564
129	0	19114.929631234663	19114.929631234663
130	0	19994.67887524561	19994.67887524561
131	0	20433.35662272479	20433.35662272479
132	0	21193.4380072203	21193.4380072203
133	0	21430.908877461094	21430.908877461094
134	0	21692.503749559055	21692.503749559055
135	0	22076.272948869944	22076.272948869944
136	0	22671.285240570956	22671.285240570956
137	0	22812.414295431823	22812.414295431823
138	0	21857.44561038959	21857.44561038959
139	0	22359.133444496158	22359.133444496158
140	0	23664.689468836597	23664.689468836597
141	0	24376.831287294186	24376.831287294186
142	0	26260.259467282296	26260.259467282296
143	0	25782.68327630788	25782.68327630788
144	0	27461.833400535026	27461.833400535026
145	0	27712.738276791402	27712.738276791402
146	0	26617.617988222977	26617.617988222977
147	0	28266.58636917902	28266.58636917902
148	0	30019.447371466573	30019.447371466573
149	0	31415.08908328503	31415.08908328503
150	0	33967.58372859635	33967.58372859635
151	0	32101.059776958205	32101.059776958205
152	0	33900.992769858196	33900.992769858196
153	0	32816.846993961626	32816.846993961626
154	0	34374.03357841629	34374.03357841629
155	0	35004.23963166525	35004.23963166525
156	0	35451.33485211613	35451.33485211613
157	0	38041.93803384441	38041.93803384441
158	0	40038.56857523988	40038.56857523988
159	0	40491.41978908079	40491.41978908079
160	0	39813.54883337187	39813.54883337187
161	0	41475.19173143983	41475.19173143983
162	0	41083.49617430674	41083.49617430674
163	0	35169.10520994384	35169.10520994384
164	0	37456.96674116061	37456.96674116061
165	0	40562.05533489099	40562.05533489099
166	0	43051.89305683257	43051.89305683257
167	0	45572.40628840961	45572.40628840961
168	0	47532.78775703716	47532.78775703716
169	0	46083.821470880604	46083.821470880604
170	0	47965.45621358395	47965.45621358395
171	0	49876.372720282554	49876.372720282554
172	0	48714.35319614752	48714.35319614752
173	0	51460.205424470434	51460.205424470434
174	0	49895.61055494521	49895.61055494521
175	0	49671.21108692628	49671.21108692628
176	0	48338.34379430835	48338.34379430835
177	0	51454.13002155361	51454.13002155361
178	0	52525.094430723926	52525.094430723926
179	0	55654.53960838524	55654.53960838524
180	0	52907.75134664037	52907.75134664037
181	0	51927.44534846421	51927.44534846421
182	0	57047.60057373426	57047.60057373426
183	0	55373.43978664813	55373.43978664813
184	0	54246.51235990893	54246.51235990893
185	0	55634.38709611754	55634.38709611754
186	0	54810.02832511536	54810.02832511536
187	0	58231.661636845405	58231.661636845405
188	0	55198.626129867196	55198.626129867196
189	0	55012.76151343362	55012.76151343362
190	0	50690.30363769857	50690.30363769857
191	0	50982.72668490134	50982.72668490134
192	0	52838.18825135757	52838.18825135757
193	0	48040.02112885471	48040.02112885471
194	0	45038.2514705651	45038.2514705651
195	0	48595.663086215514	48595.663086215514
196	0	48929.06747875791	48929.06747875791
197	0	47791.36081774862	47791.36081774862
198	0	47363.19124038387	47363.19124038387
199	0	44411.09627825202	44411.09627825202
200	0	40860.45421495334	40860.45421495334
201	0	41692.566569016104	41692.566569016104
202	0	44923.140188937396	44923.140188937396
203	0	45351.09579801321	45351.09579801321
204	0	44730.86398955681	44730.86398955681
205	0	43887.21278952278	43887.21278952278
206	0	45592.79090436925	45592.79090436925
207	0	42874.19349563566	42874.19349563566
208	0	42571.64319651243	42571.64319651243
209	0	39569.818537050094	39569.818537050094
210	0	36525.25703309175	36525.25703309175
211	0	36794.94567438563	36794.94567438563
212	0	32825.477017897465	32825.477017897465
213	0	35760.91031628232	35760.91031628232
214	0	37893.74715146168	37893.74715146168
215	0	35690.56293229868	35690.56293229868
216	0	34799.48436359555	34799.48436359555
217	0	34293.30464881885	34293.30464881885
218	0	34672.671293906096	34672.671293906096
219	0	37577.30437465243	37577.30437465243
220	0	39584.5953386967	39584.5953386967
221	0	40122.06166920297	40122.06166920297
222	0	40862.66299818147	40862.66299818147
223	0	41683.18544345534	41683.18544345534
224	0	41274.4204038352	41274.4204038352
225	0	43634.61274507734	43634.61274507734
226	0	44035.06601414988	44035.06601414988
227	0	46362.49678451258	46362.49678451258
228	0	47252.72109564274	47252.72109564274
229	0	47918.35562006527	47918.35562006527
230	0	47222.250565986156	47222.250565986156
231	0	46516.339666083	46516.339666083
232	0	47168.438027639255	47168.438027639255
233	0	48104.053489704165	48104.053489704165
234	0	46540.29214244805	46540.29214244805
235	0	46734.214443556644	46734.214443556644
236	0	47263.31033360484	47263.31033360484
237	0	48014.094376169654	48014.094376169654
238	0	49957.729467974146	49957.729467974146
239	0	51669.96950617331	51669.96950617331
240	0	50450.793555162774	50450.793555162774
241	0	51492.62216706035	51492.62216706035
242	0	50594.655628206994	50594.655628206994
243	0	49660.71048618627	49660.71048618627
244	0	51240.84737072239	51240.84737072239
245	0	51319.95186350329	51319.95186350329
246	0	53258.91112670332	53258.91112670332
247	0	52745.656318775145	52745.656318775145
248	0	53201.26117231777	53201.26117231777
249	0	52343.42723794869	52343.42723794869
250	0	54277.21956577203	54277.21956577203
251	0	54312.475744254596	54312.475744254596
252	0	55785.75917153355	55785.75917153355
253	0	55899.289004599006	55899.289004599006
254	0	56603.01144959568	56603.01144959568
255	0	57382.05679789728	57382.05679789728
256	0	55693.356935276315	55693.356935276315
257	0	55785.09786158677	55785.09786158677
258	0	56158.355558331576	56158.355558331576
259	0	57439.57013022158	57439.57013022158
260	0	58938.69017140542	58938.69017140542
261	0	60886.06578109193	60886.06578109193
262	0	61977.47188534006	61977.47188534006
263	0	62848.63094939079	62848.63094939079
264	0	63818.422430683306	63818.422430683306
265	0	62509.863977130626	62509.863977130626
266	0	63224.035096064414	63224.035096064414
267	0	66050.99952953767	66050.99952953767
268	0	68287.93489667853	68287.93489667853
269	0	67154.70134102365	67154.70134102365
270	0	65094.10319372959	65094.10319372959
271	0	66018.21300254007	66018.21300254007
272	0	68472.63092153858	68472.63092153858
273	0	69573.73741581492	69573.73741581492
274	0	66589.20953001465	66589.20953001465
275	0	66103.92598277789	66103.92598277789
276	0	62138.025211183354	62138.025211183354
277	0	60062.65371273894	60062.65371273894
278	0	59792.51983637062	59792.51983637062
279	0	62727.05287657311	62727.05287657311
280	0	63484.74832301413	63484.74832301413
281	0	58105.86488641652	58105.86488641652
282	0	57620.17536994175	57620.17536994175
283	0	58408.55791500139	58408.55791500139
284	0	53187.840599789066	53187.840599789066
285	0	44250.00525930037	44250.00525930037
286	0	41015.68122779795	41015.68122779795
287	0	41425.30935639673	41425.30935639673
288	0	37960.9024170224	37960.9024170224
289	0	33866.51705228371	33866.51705228371
290	0	36856.53893401482	36856.53893401482
291	0	40413.58083119323	40413.58083119323
292	0	42650.75107694372	42650.75107694372
293	0	42748.487765608304	42748.487765608304
294	0	46014.85328384758	46014.85328384758
295	0	47648.335452771025	47648.335452771025
296	0	49443.56376328252	49443.56376328252
297	0	48552.14436041507	48552.14436041507
298	0	51428.37418057552	51428.37418057552
299	0	52432.986076338195	52432.986076338195
300	0	50580.1092654836	50580.1092654836
301	0	52111.62919071841	52111.62919071841
302	0	55266.48656763709	55266.48656763709
303	0	56172.77148938395	56172.77148938395
304	0	51647.199634289165	51647.199634289165
305	0	48947.26186530222	48947.26186530222
306	0	52408.2147978977	52408.2147978977
307	0	50003.524486021204	50003.524486021204
308	0	54478.458298138816	54478.458298138816
309	0	56578.89917470366	56578.89917470366
310	0	56532.08730529444	56532.08730529444
311	0	60317.251405970426	60317.251405970426
312	0	61773.108239585024	61773.108239585024
313	0	63836.81383479442	63836.81383479442
314	0	63856.054175420664	63856.054175420664
315	0	65765.79932150982	65765.79932150982
316	0	64963.71781823024	64963.71781823024
317	0	63860.70342300332	63860.70342300332
318	0	62577.00160348342	62577.00160348342
319	0	59104.60229188129	59104.60229188129
320	0	54942.53178339831	54942.53178339831
321	0	60959.013756867374	60959.013756867374
322	0	60739.0625233935	60739.0625233935
323	0	61343.03625752942	61343.03625752942
324	0	64106.72677134516	64106.72677134516
325	0	66800.4354174517	66800.4354174517
326	0	68983.04180238496	68983.04180238496
327	0	68549.48565098057	68549.48565098057
328	0	64334.67351394076	64334.67351394076
329	0	66972.98162483379	66972.98162483379
330	0	67901.20179406348	67901.20179406348
331	0	69333.18640623447	69333.18640623447
332	0	71102.32272835771	71102.32272835771
333	0	69780.13491319962	69780.13491319962
334	0	70064.20309204662	70064.20309204662
335	0	70645.69623307283	70645.69623307283
336	0	74297.64948323366	74297.64948323366
337	0	75207.66831819876	75207.66831819876
338	0	78002.50101883663	78002.50101883663
339	0	79501.25737163553	79501.25737163553
340	0	81235.54318473453	81235.54318473453
341	0	80103.9684211244	80103.9684211244
342	0	84153.06809540642	84153.06809540642
343	0	81604.51240704536	81604.51240704536
344	0	84115.88038581237	84115.88038581237
345	0	87956.47357437288	87956.47357437288
346	0	90512.19907114611	90512.19907114611
347	0	92733.87918909309	92733.87918909309
348	0	89513.96704790954	89513.96704790954
349	0	93463.70705375717	93463.70705375717
350	0	94191.85083014403	94191.85083014403
351	0	94865.12080788164	94865.12080788164
352	0	96944.95166051121	96944.95166051121
353	0	98875.01270768694	98875.01270768694
354	0	97469.48327478637	97469.48327478637
355	0	101226.69513846406	101226.69513846406
356	0	99737.54726198291	99737.54726198291
357	0	102134.17362117567	102134.17362117567
358	0	104730.03714356199	104730.03714356199
359	0	104372.26698313853	104372.26698313853
360	0	101213.67599284508	101213.67599284508
