single_premium=100000.0
type=static_hybrid
benefit_at_maturity=250602.842095752
irr=0.04700631132485511



t	traditional_part	fund_part	total
0	57788.74088812783	34711.25911187217	92500.0
1	57928.2561141504	35965.70513325027	93893.96124740067
2	58068.115422357674	36947.1246709639	95015.24009332157
3	58208.31966134916	37980.197866555645	96188.5175279048
4	58348.86968181722	39360.08849053248	97708.9581723497
5	58489.76633655225	40201.30521186117	98691.07154841343
6	58631.01048044788	41477.88849296623	100108.89897341412
7	58772.602970506116	41463.130286939435	100235.73325744555
8	58914.544665842564	43123.426471637824	102037.97113748039
9	59056.83642769165	42909.43272066916	101966.2691483608
10	59199.47911941183	44673.03623696716	103872.51535637898
11	59342.47360649084	45447.84113352267	104790.3147400135
12	59485.820756550944	46931.0390641525	106416.85982070345
13	59629.52143935418	47255.71920891664	106885.24064827082
14	59773.57652680768	47632.05302964819	107405.62955645587
15	59917.98689296891	48274.034220345755	108192.02111331467
16	60062.75341405101	49373.51927908527	109436.27269313627
17	60207.8769684281	49484.20567395495	109692.08264238306
18	60353.3584366406	47226.20287034037	107579.56130698096
19	60499.19870140058	48111.69417415925	108610.89287555983
20	60645.39864759712	50716.5144120586	111361.91305965572
21	60791.959162301675	52044.7513711128	112836.71053341447
22	60938.881134773466	55859.74307442806	116798.62420920152
23	61086.16545646485	54656.950697743254	115743.11615420811
24	61233.813021026755	58014.438580188544	119248.2516012153
25	61381.824724314094	58353.87694129608	119735.70166561018
26	61530.2014643912	55867.122215609736	117397.32368000093
27	61678.944141537264	59128.681850459056	120807.62599199632
28	61828.053658251825	62596.85611799162	124424.90977624344
29	61977.53091926022	65312.36275902663	127289.89367828685
30	62127.37683151909	70418.69593658048	132546.07276809958
31	62277.59230422187	66374.95231969646	128652.54462391834
32	62428.17824880431	69902.1593676849	132330.3376164892
33	62579.13557895001	67489.19554412628	130068.33112307629
34	62730.46521059595	70499.86594846926	133230.33115906522
35	62882.16806193807	71606.7300588294	134488.89812076747
36	63034.24505343683	72337.26041514825	135371.5054685851
37	63186.69710782279	77428.8353864813	140615.5324943041
38	63339.5251501022	81302.8598720385	144642.3850221407
39	63492.730107562646	82040.76926250014	145533.49937006278
40	63646.312909778644	80491.15950288772	144137.47241266636
41	63800.274488617295	83664.17002960769	147464.44451822498
42	63954.61577824393	82697.50868725039	146652.12446549433
43	64109.3377151278	70640.06877126175	134749.40648638955
44	64264.44123804771	75045.38803347679	139309.8292715245
45	64419.92728809777	81074.10802514611	145494.0353132439
46	64575.79680869309	85863.14018211096	150438.93699080404
47	64732.05074557548	90703.82600073046	155435.87674630593
48	64888.6900468192	94422.88949007605	159311.57953689527
49	65045.71566283674	91375.32359710941	156421.03925994615
50	65203.128546384534	94924.66792377834	160127.79647016287
51	65360.9296525688	98525.6658621346	163886.5955147034
52	65519.119938851276	96061.04839963229	161580.16833848355
53	65677.70036505509	101292.82617773493	166970.52654279
54	65836.67189337053	98046.02472258624	163882.69661595678
55	65996.03548836091	97433.5599336295	163429.5954219904
56	66155.79211696843	94651.64141234827	160807.43352931668
57	66315.94274852	100569.67499855977	166885.61774707976
58	66476.48835473318	102488.2394702777	168964.7278250109
59	66637.42990972205	108413.65207143639	175051.08198115844
60	66798.76839000308	102901.46867075724	169700.23706076032
61	66960.50477450114	100827.94315937202	167788.44793387316
62	67122.64004455537	110583.10564438802	177705.7456889434
63	67285.17518392517	107173.96407225907	174459.13925618422
64	67448.11117879613	104827.41209955959	172275.52327835571
65	67611.44901778606	107336.30410358761	174947.75312137365
66	67775.18969195096	105580.07973218338	173355.26942413434
67	67939.33419479105	111992.51258647772	179931.84678126877
68	68103.88352225679	106000.68805815086	174104.57158040765
69	68268.83867275491	105476.77234337597	173745.6110161309
70	68434.20064715449	97035.08854041382	165469.2891875683
71	68599.97044879301	97426.1805078987	166026.1509566917
72	68766.14908348248	100798.42650585086	169564.57558933334
73	68932.73755951549	91493.38870112605	160426.12626064155
74	69099.73688767134	85619.62970909096	154719.36659676232
75	69267.14808122223	92201.78172775895	161468.9298089812
76	69434.97215593931	92666.6646786606	162101.6368345999
77	69603.21013009893	90349.62906303533	159952.83919313428
78	69771.86302448878	89375.58859517923	159147.451619668
79	69940.93186241407	83649.41153715597	153590.34339957003
80	70110.41766970378	76808.99128123207	146919.40895093585
81	70280.32147471684	78203.64009439822	148483.96156911505
82	70450.6443083484	84084.77811753676	154535.42242588516
83	70621.38720403609	84719.3802324021	155340.76743643818
84	70792.55119776624	83398.52240846383	154191.0736062301
85	70964.13732808024	81664.43527969958	152628.57260777982
86	71136.14663608077	84667.72663321024	155803.873269291
87	71308.58016543818	79465.4652380738	150774.04540351196
88	71481.43896239677	78742.3140086416	150223.75297103837
89	71654.72407578118	73038.2741691445	144692.9982449257
90	71828.43655700273	67267.82250549545	139096.25906249817
91	72002.57746006578	67599.88177008384	139602.45923014963
92	72177.14784157417	60161.754833517305	132338.90267509146
93	72352.14876073762	65364.016254224036	137716.16501496165
94	72527.58127937812	69090.4588236553	141618.04010303342
95	72703.44646193643	64921.27060181331	137624.71706374973
96	72879.74537547848	63142.908918860056	136022.65429433854
97	73056.4790897019	62065.56119716938	135122.04028687128
98	73233.64867694245	62589.47689467321	135823.12557161564
99	73411.2552121806	67658.91458005215	141070.16979223274
100	73589.29977304795	71104.95157031152	144694.25134335947
101	73767.7834398339	71909.27286402708	145677.05630386097
102	73946.70729549209	73075.16976077943	147021.87705627154
103	74126.07242564703	74381.26945387699	148507.341879524
104	74305.87991860068	73495.77814377072	147801.6580623714
105	74486.13086533903	77532.14268728181	152018.27355262084
106	74666.82635953875	78085.57471993362	152752.4010794724
107	74847.96749757382	82048.14831982304	156896.11581739684
108	75029.55537852213	83464.93441249119	158494.4897910133
109	75211.59110417224	84483.24942983493	159694.84053400718
110	75394.07577903001	83103.35883398961	158497.43461301964
111	75577.01051032529	81708.71003880506	157285.72054913035
112	75760.39640801866	82697.50864700934	158457.90505502798
113	75944.23458480817	84180.70657534784	160124.941160156
114	76128.52615613611	81295.4807071273	157424.0068632634
115	76313.2722401957	81479.95803785753	157793.23027805323
116	76498.47395793795	82247.38386695358	158745.85782489151
117	76684.13243307846	83398.52252841942	160082.65496149787
118	76870.24879210418	86615.80759783923	163486.0563899434
119	77056.82416428029	89427.24246621487	166484.06663049516
120	77243.85968165706	87169.23964942199	164413.09933107905
121	77431.35647907668	88814.77766825787	166246.13414733455
122	77619.31569418019	87117.5859735855	164736.9016677657
123	77807.73846741432	85361.36156260577	163169.1000300201
124	77996.6259420385	87921.90722989566	165918.53317193416
125	78185.97926413172	87907.14901023568	166093.1282743674
126	78375.79958259949	91072.78038581519	169448.57996841468
127	78566.08804918086	90047.08631120031	168613.17436038118
128	78756.84581845539	90674.30929090097	169431.15510935636
129	78948.07404785011	89065.66679731666	168013.7408451668
130	79139.7738976466	92201.7818605157	171341.55575816229
131	79331.946530988	92113.23274444537	171445.17927543336
132	79524.59311388608	94459.78474052572	173984.37785441178
133	79717.71481522829	94504.0592696108	174221.7740848391
134	79911.3128067849	95544.51153856175	175455.82434534666
135	80105.38826321607	96710.40844109937	176815.79670431543
136	80299.94236207897	93721.87529483275	174021.81765691173
137	80494.97628383499	93729.2543929622	174224.2306767972
138	80690.49121185679	94208.89548138433	174899.38669324113
139	80886.4883324356	96208.63002220949	177095.1183546451
140	81082.96883478836	98569.94019478506	179652.90902957343
141	81279.93391106493	101676.5388375024	182956.47274856735
142	81477.38475635531	103351.59321671732	184828.97797307261
143	81675.32256869695	104657.6928782496	186333.01544694655
144	81873.74854908197	106126.13261741654	187999.88116649853
145	82072.66390146445	103809.09700127879	185881.76090274323
146	82272.06983276775	104849.54931682107	187121.6191495888
147	82471.96755289185	109387.69228110928	191859.65983400113
148	82672.35827472064	112944.41570298647	195616.7739777071
149	82873.24321412932	110929.92295345655	193803.16616758588
150	83074.62358999178	107387.95769138381	190462.5812813756
151	83276.50062418797	108767.8482743277	192044.3488985157
152	83478.87554161133	112664.01005550617	196142.88559711748
153	83681.7495701762	114331.68537781379	198013.43494799
154	83885.12394082529	109291.76404229687	193176.88798312214
155	84088.99988753718	108354.61907882927	192443.61896636646
156	84293.37864733375	101720.8133995042	186014.19204683794
157	84498.2614602877	98186.22732348819	182684.4887837759
158	84703.6495695301	97603.27890202377	182306.92847155387
159	84909.54422125792	102244.72913973393	187154.27336099185
160	85115.94666474158	103336.83504938106	188452.78171412263
161	85322.85815233253	94452.40560115044	179775.26375348296
162	85530.27993947086	93522.63973351411	179052.91967298498
163	85738.21328469293	94659.02023574647	180397.23352043942
164	85946.65944963897	86069.7546413029	172016.4140909419
165	86155.61969906079	71488.66451098683	157644.28421004763
166	86365.09530082936	66131.4421086333	152496.53740946267
167	86575.08752594261	66647.9787330034	153223.06625894603
168	86785.59764853308	60943.93893210654	147729.5365806396
169	86996.62694587564	54243.72139252772	141240.34833840336
170	87208.17669839531	58877.79256211301	146085.9692605083
171	87420.24818967497	64404.734085361655	151824.98227503663
172	87632.84270646313	67821.25471472654	155454.09742118965
173	87845.9615386818	67836.01289103748	155681.97442971927
174	88059.60597943429	72868.55510689934	160928.16108633362
175	88273.77732501303	75311.03525823627	163584.8125832493
176	88488.47687490746	78004.40467333334	166492.88154824078
177	88703.70593181191	76462.17397221974	165165.87990403164
178	88919.46580163355	80845.35593769158	169764.82173932513
179	89135.75779350019	82284.27933745184	171420.03713095203
180	89352.58321976836	79244.09252871473	168596.6757484831
181	89569.94339603122	81502.09533486518	171072.0387308964
182	89787.83964112648	86291.12748594563	176078.9671270721
183	90006.27327714453	87567.71074606237	177573.9840232069
184	90225.24562943634	80387.85208872208	170613.09771815842
185	90444.75802662158	76056.3238246584	166501.08185127997
186	90664.81180059664	81288.1015912864	171952.91339188302
187	90885.40828654273	77428.83532747405	168314.2436140168
188	91106.548822934	84210.22291403428	175316.77173696828
189	91328.23475154559	87316.82157387414	178645.05632541975
190	91550.46741746187	87110.20692238947	178660.67433985134
191	91773.24816908452	92799.48856375157	184572.73673283609
192	91996.57835814073	94902.53043267386	186899.1087908146
193	92220.45933969146	97935.33818991325	190155.7975296047
194	92444.89247213959	97832.03090255294	190276.92337469253
195	92669.87911723818	100621.32854483434	193291.2076620725
196	92895.42064009875	99263.5752281982	192158.99586829694
197	93121.51840919955	97448.31800768778	190569.83641688732
198	93348.17379639386	95360.03436734938	188708.20816374326
199	93575.38817691835	89943.77923583414	183519.1674127525
200	93803.16292940135	83487.07177169072	177290.23470109206
201	94031.4994358713	92482.18762050073	186513.68705637203
202	94260.39908176506	92017.30472600531	186277.7038077704
203	94489.86325593639	92799.48871511556	187289.35197105195
204	94719.8933506643	96843.232375044	191563.1257257083
205	94950.49076166155	100776.28957737688	195726.78033903844
206	95181.65688808312	103934.54190275181	199116.19879083493
207	95413.39313253466	103152.35787517621	198565.75100771087
208	95645.70090108104	96688.27132287149	192333.97222395253
209	95878.58160325486	100518.02123376694	196396.6028370218
210	96112.036652065	101779.84636983315	197891.88302189816
211	96346.06746400522	103794.33904252532	200140.40650653053
212	96580.67545906271	106310.6101537541	202891.2856128168
213	96815.86206072675	104207.56834816202	201023.4304088888
214	97051.62869599732	104502.73211720547	201554.3608132028
215	97287.97679539378	105240.64158409486	202528.61837948865
216	97524.90779296352	110546.21034859461	208071.11814155814
217	97762.4231262907	111771.13996269672	209533.56308898743
218	98000.52423650492	115792.7462773176	213793.2705138225
219	98239.21256829001	117888.40902178652	216127.62159007654
220	98478.48956989279	120330.88921940031	218809.3787892931
221	98718.35669313182	118530.39027743024	217248.74697056206
222	98958.81539340627	124389.39108802723	223348.2064814335
223	99199.8671297047	120500.60841539822	219700.4755451029
224	99441.51336461391	124079.46913479842	223520.98249941232
225	99683.75556432788	129613.78979124031	229297.54535556817
226	99926.59519865656	133251.68323017942	233178.27842883597
227	100170.03374103492	136395.1773176768	236565.21105871172
228	100414.07266853175	131539.7333752342	231953.80604376597
229	100658.71346185874	137214.25684514578	237872.97030700452
230	100903.95760537939	138158.78092435157	239062.73852973094
231	101149.80658711803	139022.13500818907	240171.9415953071
232	101396.26189876889	141944.25627831678	243340.51817708567
233	101643.3250357051	144645.00480227947	246288.32983798458
234	101890.99749698778	142468.17197218264	244359.16946917042
235	102139.28078537516	147832.77351866596	249972.0543040411
236	102388.17640733164	145537.87519734385	247926.05160467548
237	102637.68587303703	148910.12122389788	251547.8070969349
238	102887.81069639558	152570.15197124472	255457.9626676403
239	103138.55239504529	151928.1707948936	255066.7231899389
240	103389.91249036703	147212.929605385	250602.842095752
