single_premium=100000.0
type=static_hybrid
benefit_at_maturity=937059.7329174294
irr=0.11837735225921864



t	traditional_part	fund_part	total
0	75236.86514883637	17263.13485116363	92500.0
1	76004.02251682903	17887.015153539323	93891.03767036836
2	76779.03315539607	18375.109744706788	95154.14290010286
3	77561.97745724604	18888.89352388762	96450.87098113366
4	78352.93663805518	19575.161856730112	97928.09849478528
5	79151.99274489193	19993.528636585237	99145.52138147717
6	79959.22866472782	20628.418579915473	100587.6472446433
7	80774.7281330354	20621.078802928972	101395.80693596437
8	81598.57574247422	21446.80272256396	103045.37846503817
9	82430.85695166572	21340.37607383963	103771.23302550535
10	83271.65809405794	22217.478377380834	105489.13647143877
11	84121.06638688102	22602.81621169768	106723.8825985787
12	84979.16994019428	23340.462916039556	108319.63285623383
13	85846.05776602599	23501.937816863356	109347.99558288934
14	86721.81978760674	23689.10191469697	110410.92170230372
15	87606.54684869722	24008.38182993151	111614.92867862873
16	88500.33072301155	24555.194573735665	113055.52529674722
17	89403.26412373708	24610.242826369376	114013.50695010646
18	90315.44071315165	23487.258299433222	113802.69901258487
19	91236.95511233922	23927.644392547598	115164.5995048868
20	92167.90291100509	25223.113476079532	117391.01638708462
21	93108.38067739148	25883.692617405166	118992.07329479665
22	94058.4859682947	27781.02270324686	121839.50867154155
23	95018.31733918478	27182.831582327264	122201.14892151204
24	95987.97435442875	28852.628863059635	124840.60321748839
25	96967.5575976186	29021.443546000748	125989.00114361935
26	97957.16868200485	27784.692610722548	125741.8612927274
27	98956.91026103709	29406.78138658773	128363.69164762482
28	99966.88603901229	31131.626915088673	131098.51295410097
29	100987.20078183214	32482.14425536528	133469.34503719743
30	102017.96032787059	35021.70405511143	137039.664382982
31	103059.27159895255	33010.60756515653	136069.87916410906
32	104111.24261144498	34764.81217989415	138876.05479133912
33	105173.9824874616	33564.76006588643	138738.74255334804
34	106247.60146618224	35062.07276823101	141309.67423441325
35	107332.21091528803	35612.55537496897	142944.766290257
36	108427.92334251372	35975.87391704074	144403.79725955447
37	109534.85240731823	38508.093939703904	148042.94634702214
38	110653.1129326747	40434.78311267055	151087.89604534526
39	111782.82091698113	40801.77150898378	152584.59242596492
40	112924.09354609309	40031.09585701013	152955.18940310323
41	114077.04920547952	41609.146034630845	155686.19524011036
42	115241.80749250297	41128.391215143085	156370.19870764605
43	116418.48922882557	35131.80058273003	151550.2898115556
44	117607.21647294202	37322.72140876356	154929.93788170558
45	118808.11253284081	40321.01674171785	159129.12927455865
46	120021.30197879513	42702.771539657944	162724.07351845308
47	121246.91065628467	45110.215527489614	166357.1261837743
48	122485.06569904971	46959.83712518767	169444.90282423736
49	123735.89554227881	45444.17499352804	169180.07053580685
50	124999.52993593163	47209.38925864645	172208.91919457808
51	126276.0999581979	49000.29268880593	175276.3926470038
52	127565.73802909443	47774.55139620159	175340.289425296
53	128868.57792420109	50376.49922539503	179245.07714959612
54	130184.75478853758	48761.750213423424	178946.50500196102
55	131514.40515058214	48457.14984703298	179971.5549976151
56	132857.66693643373	47073.60353362939	179931.27047006311
57	134214.67948411938	50016.85060868412	184231.5300928035
58	135585.58355804777	50971.02046720677	186556.60402525455
59	136970.52136361095	53917.93738695632	190888.45875056728
60	138369.63656193545	51176.53394020773	189546.17050214318
61	139783.07428478435	50145.29648480445	189928.3707695888
62	141210.98114961202	54996.88325470773	196207.86440431976
63	142653.5052747729	53301.39677014397	195954.90204491687
64	144110.79629488598	52134.373614648	196245.169909534
65	145583.0053763565	53382.13420013849	198965.13957649498
66	147070.28523305675	52508.701805919125	199578.98703897587
67	148572.7901421671	55697.83109480318	204270.62123697027
68	150090.6759601794	52717.88517859071	202808.5611387701
69	151624.10013906416	52457.32339356145	204081.4235326256
70	153173.22174260323	48258.97595269965	201432.1976953029
71	154738.2014628896	48453.47979804097	203191.68126093058
72	156319.2016369963	50130.61681074109	206449.81844773737
73	157916.38626381554	45502.8929387713	203419.27920258685
74	159529.9210210708	42581.66518278779	202111.58620385858
75	161159.9732825026	45855.20180509546	207015.17508759804
76	162806.71213523037	46086.40451213518	208893.11664736556
77	164470.30839729207	44934.060883269034	209404.3692805611
78	166150.93463536334	44449.636164105235	210600.57079946858
79	167848.765182658	41601.80611519512	209450.57129785314
80	169563.9761570119	38199.823578749	207763.7997357609
81	171296.7454791517	38893.43168020412	210190.1771593558
82	173047.25289115086	41818.329288917535	214865.5821800684
83	174815.67997507448	42133.939329176974	216949.61930425145
84	176602.210171815	41477.03009231032	218079.24026412534
85	178407.02880012075	40614.60733054754	219021.63613066828
86	180230.3230758192	42108.25017035036	222338.57324616957
87	182072.28213123715	39520.98188066373	221593.26401190087
88	183933.09703481954	39161.33323895822	223094.43027377775
89	185812.96081094927	36324.512810512024	222137.4736214613
90	187712.0684599698	33454.663436836505	221166.7318968063
91	189630.61697841279	33619.80823451418	223250.42521292696
92	191568.80537943268	29920.56506006815	221489.37043950084
93	193526.83471345066	32507.833362471792	226034.66807592247
94	195504.90808900972	34361.12483726033	229866.03292627004
95	197503.23069384342	32287.6403156653	229790.87100950873
96	199522.00981616022	31403.198254718453	230925.20807087867
97	201561.45486614574	30867.39519032374	232428.85005646947
98	203621.777397685	31127.956966763493	234749.73436444846
99	205703.19113030724	33649.167335428436	239352.35846573568
100	207805.91197135532	35363.00321424848	243168.9151856038
101	209930.15803838192	35763.020595131245	245693.17863351316
102	212076.14968177513	36342.862291058234	248419.01197283337
103	214244.1095076157	36992.43178833109	251236.5412959468
104	216434.2624007682	36552.04569208977	252986.30809285797
105	218646.8355482085	38559.47230829267	257206.30785650117
106	220882.05846259024	38834.71360045755	259716.7720630478
107	223140.16300605232	40805.441374753565	263945.60438080586
108	225421.3834142703	41510.05912699806	266931.44254126836
109	227725.9563207539	42016.503143007765	269742.45946376165
110	230054.12078139326	41330.23482415606	271384.3556055493
111	232406.11829925643	40636.626731643824	273042.74503090023
112	234782.19284964076	41128.39119512983	275910.58404477057
113	237182.5909053808	41866.03789833215	279048.62880371296
114	239607.56146241515	40431.113193393365	280038.6746558085
115	242057.356065615	40522.86028407408	282580.21634968906
116	244532.2288348773	40904.528247579896	285436.7570824572
117	247032.43649148484	41477.030151968494	288509.46664345334
118	249558.2383847362	43077.09962305931	292635.3380077955
119	252109.89651884837	44475.32545812941	296585.2219769778
120	254687.6755801347	43352.340924639226	298040.0165047739
121	257291.8429644612	44170.725087262836	301462.568051724
122	259922.66880498367	43326.65172769452	303249.32053267816
123	262580.4260001691	42453.21931379286	305033.64531396196
124	265265.39024210337	43726.66908997426	308992.0593320776
125	267977.84004508966	43719.329306207495	311697.16935129714
126	270718.0567745385	45293.709571399675	316011.76634593814
127	273486.3246761543	44783.59568964596	318269.92036580027
128	276282.93090542074	45095.53582542219	321378.46673084295
129	279108.1655573873	44295.50111032999	323403.6666677173
130	281962.3216967613	45855.20187112012	327817.52356788144
131	284845.695388308	45811.16326892633	330656.85865723435
132	287758.5857275616	46978.186436050426	334736.77216361207
133	290701.2948718505	47000.20572274943	337701.50059459993
134	293674.1280716409	47517.65937567544	341191.78744731634
135	296677.3937022004	48097.50107447964	344774.89477668004
136	299711.4032955862	46611.1980122687	346322.6013078549
137	302776.47157296067	46614.867898332996	349391.3394712937
138	305872.9164772378	46853.41034828861	352726.3268255264
139	309001.05920606374	47847.9489483876	356849.0081544513
140	312161.2242451348	49022.3118778111	361183.5361229459
141	315353.73940185696	50567.33308043664	365921.0724822936
142	318578.93583934964	51400.39677133367	369979.3326106833
143	321837.14811079745	52049.966252907994	373887.11436370545
144	325128.71419415396	52780.27318750652	377908.9873816605
145	328453.97552720044	51627.92955838549	380081.90508558595
146	331813.2770429636	52145.383234483015	383958.6602774466
147	335206.9672054958	54402.36197771655	389609.32918321237
148	338635.39804602176	56171.24612744645	394806.64417346823
149	342098.92519945494	55169.367749029116	397268.2929484841
150	345597.90794128814	53407.82335329772	399005.73129458586
151	349132.7092248614	54094.09166573308	403226.8008905945
152	352703.6957190117	56031.79049750577	408735.48621651746
153	356311.23784610775	56861.184322839734	413172.42216894747
154	359955.70982047444	54354.65347721773	414310.36329769215
155	363637.4896872105	53888.578195209404	417526.06788241985
156	367356.95936140337	50589.35238350628	417946.3117449096
157	371114.5046677459	48831.47791756851	419945.9825853144
158	374910.51538055827	48541.55708298918	423452.07246354746
159	378745.38526421966	50849.91418119513	429595.2994454148
160	382619.51211401395	51393.05701358933	434012.56912760326
161	386533.2977973934	46974.51652947313	433507.81432686653
162	390487.14829566487	46512.111132386126	436999.259428051
163	394481.47374610265	47077.27328306019	441558.7470291628
164	398516.6884844925	42805.52820601041	441322.2166905029
165	402593.21108811104	35553.83720899543	438147.04829710646
166	406711.4644191454	32889.5013385668	439600.96575771226
167	410871.8756685571	33146.39324137352	444018.26890993066
168	415074.87640039506	30309.57283212458	445384.44923251966
169	419320.9025965621	26977.318057237433	446298.22065379954
170	423610.39470204007	29282.00528430143	452892.3999863415
171	427943.7976705774	32030.748466530265	459974.5461371077
172	432321.561010845	33729.90481682053	466051.4658276655
173	436744.13883306383	33737.24457902829	470481.3834120921
174	441211.9898961106	36240.10552788055	477452.09542399115
175	445725.5776551053	37454.8371539482	483180.41480905353
176	450285.3703094858	38794.34487007475	489079.7151795606
177	454891.8408515748	38027.33908445567	492919.1799360305
178	459545.4671156436	40207.25025112518	499752.7173667688
179	464246.73182747886	40922.87766788057	505169.6094953594
180	468996.1226544557	39410.88541537231	508407.00806982804
181	473794.1322561245	40533.86994356964	514328.00219969417
182	478641.25833531463	42915.62473858321	521556.88307389786
183	483538.00368976186	43550.514671475205	527088.518361237
184	488484.8762642642	39979.717432040954	528464.5936963052
185	493482.3892033715	37825.49547503384	531307.8846784054
186	498531.06090461434	40427.44329852055	538958.5042031349
187	503631.41507227835	38508.09391035755	542139.5089826359
188	508783.9807717283	41880.71741581708	550664.6981875454
189	513989.29248428886	43425.73862695825	557415.0311112471
190	519247.89016268664	43322.98186497187	562570.8720276585
191	524560.3192870604	46152.46252035644	570712.7818074168
192	529927.1309215443	47198.37950261973	577125.510424164
193	535348.88177143	48706.70189225531	584055.5836636854
194	540826.1342409148	48655.32353035086	589481.4577712656
195	546359.4564914402	50042.53974119316	596401.9962326334
196	551949.4225006278	49367.2810729852	601316.703573613
197	557596.612121819	48464.48955838694	606061.101680206
198	563301.6111442235	47425.91236432858	610727.5235085521
199	569065.0113536838	44732.217433173675	613797.2287868574
200	574887.4105940623	41521.068817423824	616408.4794114861
201	580769.4128292557	45994.65755701337	626764.070386269
202	586711.6282058452	45763.45487802647	632475.0830838718
203	592714.6731163877	46152.4625956351	638867.1357120228
204	598779.1702633544	48163.55910699751	646942.729370352
205	604905.7487237253	50119.60733453042	655025.3560582558
206	611095.0440142432	51690.31773749303	662785.3617517363
207	617347.6981573369	51301.31000075422	668649.0081580911
208	623664.3597477189	48086.49150389759	671750.8512516165
209	630045.684019665	49991.161367498345	680036.8453871633
210	636492.332914982	50618.71156417354	687111.0444791556
211	643004.9751516721	51620.58990437676	694625.5650560489
212	649584.2862932999	52872.02038044303	702456.306673743
213	656230.9488190684	51826.103429676084	708057.0522487444
214	662945.6521946145	51972.898794596505	714918.5509892111
215	669729.0929435275	52339.88722891997	722068.9801724475
216	676581.9747195999	54978.533921294045	731560.508640894
217	683505.0083798191	55587.7346720728	739092.7430518919
218	690498.9120581043	57587.82149991841	748086.7335580226
219	697564.4112398002	58630.068583025604	756194.4798228258
220	704702.2388369319	59844.80023210838	764547.0390690402
221	711913.1352642309	58949.348530560164	770862.483794791
222	719197.8485159391	61863.236521786006	781061.085037725
223	726557.134243399	59929.20758125985	786486.3418246589
224	733991.7558334382	61709.1013907416	795700.8572241799
225	741502.4844875567	64461.514476473196	805963.99896403
226	749090.0993019239	66270.76734189547	815360.8666438194
227	756755.3873481955	67834.13795203109	824589.5253002266
228	764499.1437551575	65419.35422809571	829918.4979832532
229	772322.1717912051	68241.49512368978	840563.6669148948
230	780225.2829476673	68711.24030051984	848936.5232481871
231	788209.2970229837	69140.61677244656	857349.9137954302
232	796275.0422077425	70593.89086357322	866868.9330713156
233	804423.3551705903	71937.06847110353	876360.4236416939
234	812655.0811450207	70854.45263820369	883509.5337832244
235	820971.0740170503	73522.4584175742	894493.5324346245
236	829372.1964137948	72381.12444685856	901753.3208606533
237	837859.3197929487	74058.2614737834	911917.5812667321
238	846433.3245331836	75878.52400437086	922311.8485375545
239	855095.1000254705	75559.24409627133	930654.3441217418
240	863845.5447653375	73214.1881520919	937059.7329174294
