single_premium=100000.0
type=dynamic_hybrid
benefit_at_maturity=97869.55907992496
irr=-0.001076151719031082



t	traditional_part	fund_part	total
0	14092.37821341354	78407.62178658646	92500.0
1	14030.30996451854	78501.43824307976	92531.7482075983
2	13968.867534288584	78594.47580386193	92563.34333815052
3	13908.044751784355	78686.74218330998	92594.78693509434
4	13847.83550694422	78778.24501970397	92626.08052664819
5	13788.233749983168	78868.99187597832	92657.22562596148
6	13729.233490798431	78958.99024046477	92688.2237312632
7	13670.82879838067	79048.24752762848	92719.07632600915
8	13613.0138002311	79136.77107879652	92749.78487902762
9	13555.782681784036	79224.56816287973	92780.35084466377
10	13499.129685835635	79311.64597708681	92810.77566292245
11	13443.04911197785	79398.01164763187	92841.06075960971
12	13387.535316038124	79483.67223043475	92871.20754647287
13	13332.582709524924	79568.63471181423	92901.21742133916
14	13278.185759078082	79652.90600917499	92931.09176825307
15	13224.338985925062	79736.49297168733	92960.83195761239
16	13171.036965342239	79819.40238096053	92990.43934630277
17	13118.274326122275	79901.64095170869	93019.91527783097
18	13066.0457500456	79983.21533241135	93049.26108245694
19	13014.34597135779	80064.13210596671	93078.4780773245
20	12963.169776252307	80144.39779033833	93107.56756659065
21	12912.512002357733	80224.018839196	93136.53084155373
22	12862.367538230334	80303.00164255	93165.36918078034
23	12812.731322851909	80381.35252737891	93194.08385023082
24	12763.598345132054	80459.07775825166	93222.67610338371
25	12714.963643415902	80536.18353794292	93251.14718135883
26	12666.822304996223	80612.67600804298	93279.4983130392
27	12619.169465630664	80688.56124956117	93307.73071519184
28	12572.000309063407	80763.84528352377	93335.84559258718
29	12525.310066552263	80838.53407156523	93363.84413811749
30	12479.09401639935	80912.63351651469	93391.72753291404
31	12433.347483487507	80986.14946297559	93419.4969464631
32	12388.065838820457	81059.0876979004	93447.15353672086
33	12343.244499068063	81131.45395115906	93474.69845022712
34	12298.878926115529	81203.25389610247	93502.132822218
35	12254.964626617568	81274.49315011982	93529.45777673738
36	12211.497151556685	81345.17727519065	93556.67442674734
37	12168.4720958059	81415.31177843157	93583.78387423747
38	12125.88509769573	81484.90211263743	93610.78721033316
39	12083.731838585607	81553.95367681711	93637.68551540271
40	12042.008042439094	81622.47181672443	93664.47985916352
41	12000.709475403795	81690.46182538332	93691.17130078711
42	11959.831945395412	81757.92894360777	93717.76088900318
43	11919.371301685296	81824.87836051732	93744.24966220262
44	11879.323434492606	81891.31521404692	93770.63864853952
45	11839.684274580593	81957.24459145153	93796.92886603212
46	11800.449792856283	82022.67152980654	93823.12132266282
47	11761.61599997469	82087.60101650252	93849.21701647721
48	11723.178945946604	82152.03798973547	93875.21693568208
49	11685.134719750467	82215.98733899198	93901.12205874245
50	11647.479448947573	82279.45390553017	93926.93335447775
51	11610.209299301932	82342.44248285497	93952.6517821569
52	11573.320474403152	82404.95781718942	93978.27829159258
53	11536.809215293342	82467.00460794113	94003.81382323446
54	11500.671800097538	82528.58750816413	94029.25930826167
55	11464.904543658078	82589.71112501604	94054.61566867412
56	11429.503797172167	82650.38002021101	94079.88381738318
57	11394.465947833358	82710.5987104679	94105.06465830126
58	11359.787418476455	82770.37166795417	94130.15908643062
59	11325.46466722569	82829.7033207256	94155.1679879513
60	11291.494187147082	82888.59805316097	94180.09224030805
61	11257.872505903131	82947.06020639351	94204.93271229664
62	11224.59618541198	83005.0940787371	94229.69026414907
63	11191.661821509273	83062.70392610888	94254.36574761815
64	11159.066043613684	83119.89396244739	94278.96000606107
65	11126.805514395324	83176.66836012693	94303.47387452226
66	11094.876929448044	83233.03125036735	94327.9081798154
67	11063.277016964556	83288.98672364005	94352.2637406046
68	11032.002537414757	83344.53883007009	94376.54136748484
69	11001.05028322735	83399.69157983418	94400.74186306153
70	10970.417078474577	83454.44894355474	94424.86602202932
71	10940.099778560025	83508.8148526902	94448.91463125021
72	10910.095269909614	83562.79319992114	94472.88846983075
73	10880.40046966552	83616.38783953305	94496.78830919857
74	10851.012325383143	83669.60258779502	94520.61491317816
75	10821.927814731072	83722.44122333475	94544.36903806582
76	10793.143945193962	83774.90748751006	94568.05143270403
77	10764.65775377855	83827.00508477632	94591.66283855487
78	10736.466306722257	83878.73768305064	94615.2039897729
79	10708.566699205025	83930.10891407219	94638.67561327721
80	10680.956055063569	83981.12237375928	94662.07842882285
81	10653.6315265088	84031.78162256263	94685.41314907144
82	10626.590293845946	84082.09018581525	94708.6804796612
83	10599.829565197177	84132.05155407908	94731.88111927625
84	10573.346576227475	84181.66918348768	94755.01575971516
85	10547.138589872844	84230.94649608604	94778.08508595888
86	10521.202896071176	84279.88688016689	94801.08977623806
87	10495.536811495813	84328.49369060379	94824.0305020996
88	10470.137679292166	84376.77024918041	94846.90792847257
89	10445.002868816142	84424.71984491742	94869.72271373356
90	10420.12977537581	84472.34573439542	94892.47550977123
91	10395.515819975395	84519.65114207502	94915.16696205041
92	10371.158449061591	84566.63926061381	94937.7977096754
93	10347.055134272841	84613.31325117993	94960.36838545278
94	10323.203372190465	84659.67624376302	94982.87961595348
95	10299.600684093011	84705.73133748134	95005.33202157434
96	10276.244615712245	84751.48160088676	95027.72621659901
97	10253.132736992253	84796.93007226597	95050.06280925822
98	10230.26264185019	84842.07975993937	95072.34240178956
99	10207.631947940175	84886.9336425564	95094.56559049657
100	10185.238296418913	84931.49466938834	95116.73296580726
101	10163.07935171387	84975.76576061823	95138.8451123321
102	10141.15280129363	85019.74980762781	95160.90260892145
103	10119.456355440905	85063.44967328136	95182.90602872227
104	10097.987747027038	85106.86819220748	95204.85593923452
105	10076.744731289507	85150.00817107728	95226.75290236679
106	10055.72508561105	85192.87238888042	95248.59747449147
107	10034.926609301287	85235.4635971981	95270.39020649939
108	10014.347123380523	85277.78452047336	95292.13164385388
109	9993.984470365354	85319.83785627897	95313.82232664432
110	9973.836514056838	85361.62627558231	95335.46278963915
111	9953.901139330354	85403.152423008	95357.05356233835
112	9934.176251927667	85444.41891709779	95378.59516902546
113	9914.659778251273	85485.42835056774	95400.08812881901
114	9895.349665160426	85526.18329056306	95421.53295572348
115	9876.243879769447	85566.68627891027	95442.93015867972
116	9857.3404092477	85606.93983236728	95464.28024161498
117	9838.637260621912	85646.9464428704	95485.5837034923
118	9820.132460580304	85686.70857777921	95506.84103835952
119	9801.824055278645	85726.2286801191	95528.05273539774
120	9783.710110147951	85765.50916882145	95549.2192789694
121	9765.78870970461	85804.55243896111	95570.34114866571
122	9748.057957361965	85843.3608619919	95591.41881935386
123	9730.51597524404	85881.93678597941	95612.45276122345
124	9713.160904000786	85920.28253583201	95633.4434398328
125	9695.990902625446	85958.40041352909	95654.39131615454
126	9679.004148273367	85996.29269834753	95675.2968466209
127	9662.19883608316	86033.9616470853	95696.16048316847
128	9645.573178999064	86071.4094942835	95716.98267328257
129	9629.125407595415	86108.63845244574	95737.76386004116
130	9612.85376990265	86145.65071225566	95758.50448215831
131	9596.756531235194	86182.44844279208	95779.20497402728
132	9580.831974020763	86219.03379174233	95799.8657657631
133	9565.078397631694	86255.40888561314	95820.48728324483
134	9549.494118217772	86291.57582993954	95841.06994815731
135	9534.07746854071	86327.53670949183	95861.61417803254
136	9518.826797810238	86363.29358848045	95882.12038629068
137	9503.740471521913	86398.84851075869	95902.5889822806
138	9488.816871296363	86434.20350002365	95923.02037132002
139	9474.05439472025	86469.36056001505	95943.4149547353
140	9459.451455188804	86504.32167471205	95963.77312990084
141	9445.006481749797	86539.08880852825	95984.09529027804
142	9430.71791894921	86573.66390650466	96004.38182545388
143	9416.584226678355	86608.04889450083	96024.63312117918
144	9402.603880022327	86642.24567938414	96044.84955940647
145	9388.775369110315	86676.25614921708	96065.03151832739
146	9375.097198967007	86710.08217344286	96085.17937240987
147	9361.567889365815	86743.72560306896	96105.29349243478
148	9348.185974683365	86777.188270849	96125.37424553237
149	9334.950003755166	86810.47199146313	96145.42199521829
150	9321.858539733457	86843.57856169576	96165.43710142921
151	9308.910159945537	86876.50976061261	96185.41992055814
152	9296.10345575408	86909.26734973531	96205.3708054894
153	9283.437032418833	86941.85307321437	96225.2901056332
154	9270.909508959088	86974.26865800095	96245.17816696003
155	9258.519518018484	87006.51581401595	96265.03533203443
156	9246.265705730226	87038.59623431847	96284.8619400487
157	9234.146731584147	87070.51159527196	96304.65832685611
158	9222.161268294924	87102.263556709	96324.42482500392
159	9210.30800167163	87133.8537620943	96344.16176376592
160	9198.58563048851	87165.28383868623	96363.86946917474
161	9186.992866357195	87196.55539769665	96383.54826405384
162	9175.52843359979	87227.6700344494	96403.19846804919
163	9164.191069123804	87258.62932853677	96422.82039766057
164	9152.979522297845	87289.43484397481	96442.41436627266
165	9141.892554828739	87320.08812935695	96461.98068418569
166	9130.928940639718	87350.59071800628	96481.519658646
167	9120.087465749897	87380.94412812614	96501.03159387603
168	9109.366928155172	87411.1498629491	96520.51679110427
169	9098.76613770984	87441.20941088484	96539.97554859468
170	9088.283916009623	87471.12424566643	96559.40816167605
171	9077.919096275948	87500.89582649496	96578.81492277091
172	9067.670523241224	87530.52559818294	96598.19612142416
173	9057.537053035263	87560.01499129627	96617.55204433153
174	9047.517553072972	87589.36542229465	96636.88297536763
175	9037.610901942611	87618.57829367123	96656.18919561384
176	9027.81598929608	87647.65499408975	96675.47098338584
177	9018.131715739599	87676.59689852124	96694.72861426084
178	9008.556992725482	87705.40536837922	96713.9623611047
179	8999.090742445254	87734.08175165336	96733.17249409862
180	8989.731897723772	87762.62738304184	96752.35928076561
181	8980.47940191426	87791.04358408251	96771.52298599677
182	8971.332208794396	87819.33166328279	96790.66387207719
183	8962.289282463638	87847.49291624808	96809.78219871172
184	8953.349597241215	87875.52862580917	96828.87822305039
185	8944.512137565458	87903.44006214815	96847.9521997136
186	8935.775897893707	87931.22848292347	96867.00438081718
187	8927.139882603831	87958.89513339309	96886.03501599692
188	8918.603105896347	87986.44124653685	96905.0443524332
189	8910.164591696976	88013.86804317815	96924.03263487513
190	8901.823373561374	88041.1767321032	96943.00010566457
191	8893.57849457992	88068.36851017993	96961.94700475986
192	8885.429007283372	88095.44456247597	96980.87356975934
193	8877.373973550062	88122.40606237458	96999.78003592463
194	8869.412464513533	88149.25417169019	97018.66663620372
195	8861.543560471388	88175.99004078234	97037.53360125373
196	8853.766350794613	88202.61480866895	97056.38115946356
197	8846.079933838408	88229.12960313784	97075.20953697625
198	8838.48341685325	88255.53554085789	97094.01895771115
199	8830.975915897263	88281.83372748856	97112.80964338582
200	8823.556555749354	88308.02525778847	97131.58181353782
201	8816.224469823288	88334.11121572288	97150.33568554616
202	8808.978800082214	88360.0926745704	97169.07147465262
203	8801.818696954633	88385.97069702817	97187.7893939828
204	8794.743319250652	88411.74633531642	97206.48965456708
205	8787.751834079405	88437.42063128178	97225.17246536119
206	8780.843416767135	88462.99461649964	97243.83803326677
207	8774.01725077625	88488.46931237531	97262.48656315156
208	8767.27252762492	88513.84573024457	97281.1182578695
209	8760.608446807786	88539.12487147281	97299.7333182806
210	8754.024215716952	88564.30772755368	97318.33194327063
211	8747.519049564393	88589.39528020615	97336.91432977055
212	8741.092171304565	88614.38850147126	97355.48067277583
213	8734.742811558372	88639.28835380713	97374.03116536551
214	8728.470208537177	88664.095790184	97392.56599872118
215	8722.27360796805	88688.81175417759	97411.08536214563
216	8716.15226301967	88713.43718006174	97429.58944308141
217	8710.10543422878	88737.9729929004	97448.07842712918
218	8704.132389427774	88762.4201086381	97466.55249806588
219	8698.232403672486	88786.77943419025	97485.01183786274
220	8692.404759170979	88811.05186753208	97503.45662670306
221	8686.648745212904	88835.238297787	97521.88704299991
222	8680.963658099881	88859.33960531365	97540.30326341353
223	8675.348801076016	88883.35666179264	97558.70546286866
224	8669.803484259886	88907.29033031173	97577.09381457162
225	8664.327024576125	88931.14146545122	97595.46849002734
226	8658.918745688601	88954.9109133675	97613.8296590561
227	8653.577977934081	88978.59951187602	97632.1774898101
228	8648.304058256064	89002.20809053397	97650.51214879003
229	8643.096330139711	89025.73747072158	97668.83380086129
230	8637.954143547706	89049.1884657224	97687.1426092701
231	8632.876854855582	89072.56188080399	97705.43873565957
232	8627.863826789207	89095.85851329619	97723.7223400854
233	8622.914428361692	89119.07915266995	97741.99358103164
234	8618.028034811434	89142.22458061471	97760.25261542614
235	8613.204027540893	89165.29557111506	97778.49959865595
236	8608.441794055641	89188.29289052679	97796.73468458244
237	8603.740727904113	89211.21729765233	97814.95802555644
238	8599.100228618028	89234.06954381506	97833.16977243309
239	8594.51970165351	89256.85037293311	97851.37007458662
240	8521.763680300153	89347.79539962481	97869.55907992496
